Model weights for 1. Validity Task:


Layer: net.0.weight
Shape: torch.Size([64, 7])
Values:
tensor([[-0.1048,  0.2662, -0.1149,  0.1744,  0.0466, -0.1050,  0.3128],
        [ 0.4201, -0.0215, -0.1406,  0.0048,  0.4177, -0.2491,  0.0091],
        [ 0.1387,  0.1217, -0.0690,  0.2261,  0.2912,  0.0304,  0.1961],
        [-0.2978, -0.2647,  0.3291,  0.2842, -0.1439, -0.3775,  0.3659],
        [ 0.1149, -0.0551, -0.3241,  0.0545,  0.2186,  0.2165, -0.1083],
        [-0.1847, -0.0336, -0.1548,  0.1660, -0.0054, -0.2508, -0.1427],
        [ 0.2173, -0.3385,  0.3020, -0.3766, -0.2710, -0.2506,  0.1872],
        [-0.2885,  0.3051, -0.0994, -0.0630,  0.1404,  0.1511, -0.0533],
        [-0.0265,  0.0920, -0.3260,  0.3130,  0.1127, -0.0753, -0.0090],
        [-0.3933,  0.3294, -0.0383,  0.0686,  0.2583, -0.1916,  0.1243],
        [ 0.1415,  0.3338, -0.0203,  0.3376,  0.3282, -0.0406, -0.1668],
        [-0.2092, -0.0110,  0.1009,  0.1276,  0.0923,  0.1350,  0.2464],
        [-0.0399,  0.2830, -0.3513, -0.3578, -0.2801, -0.0413, -0.1340],
        [-0.1615, -0.4318,  0.2767,  0.2830, -0.1824, -0.2311,  0.2346],
        [-0.1705,  0.3677,  0.0538, -0.3187,  0.1875,  0.3218, -0.0646],
        [ 0.0243, -0.3057,  0.1104, -0.1099, -0.0660,  0.1224, -0.1156],
        [-0.2523,  0.2365, -0.0759,  0.0816,  0.1305, -0.2029, -0.0190],
        [-0.2533,  0.3154,  0.0913, -0.2584,  0.4235,  0.3693,  0.3744],
        [ 0.0987, -0.1300,  0.3660, -0.1046, -0.3049,  0.1521,  0.2037],
        [ 0.2805, -0.3551,  0.1689,  0.2712,  0.4011, -0.0236,  0.1367],
        [ 0.0253, -0.3429,  0.1708,  0.3415,  0.2950,  0.0299, -0.3313],
        [ 0.2042, -0.1578,  0.0193, -0.2217, -0.2942, -0.0291, -0.1232],
        [ 0.1400, -0.1742, -0.1717,  0.0363, -0.1078,  0.2619, -0.1597],
        [ 0.2318, -0.1192, -0.1322,  0.2725,  0.2475, -0.2938, -0.3019],
        [-0.1581,  0.2924,  0.0710,  0.2278,  0.2017, -0.0239,  0.1265],
        [-0.2248, -0.1146,  0.3022,  0.0098,  0.2602, -0.0472,  0.2315],
        [ 0.2734, -0.3656,  0.4221,  0.0525,  0.0419,  0.4579, -0.0364],
        [ 0.1172,  0.0370, -0.0380,  0.3879, -0.2459,  0.1662, -0.2463],
        [-0.0059, -0.0917, -0.2985,  0.3455,  0.1122,  0.0611, -0.1182],
        [ 0.4121, -0.1774,  0.3768,  0.1318,  0.1776, -0.3267,  0.3529],
        [ 0.2589, -0.2339,  0.3411, -0.0368,  0.0180,  0.3952,  0.2582],
        [-0.2406, -0.0216,  0.2885, -0.2641,  0.2355,  0.0203, -0.2002],
        [ 0.0453,  0.0784,  0.1219,  0.1991, -0.3348,  0.1914,  0.0049],
        [ 0.3370,  0.1789, -0.2597, -0.1457,  0.3596, -0.2816, -0.1525],
        [-0.1788, -0.1896, -0.2725, -0.0480,  0.2849,  0.2128, -0.1156],
        [-0.2777, -0.0441, -0.1413,  0.0388, -0.3275, -0.0782, -0.2249],
        [ 0.1436, -0.4274, -0.1585, -0.2199,  0.2569, -0.3546, -0.2976],
        [ 0.3083, -0.2028, -0.1211, -0.0303,  0.3350, -0.0551, -0.1123],
        [ 0.1578,  0.2924, -0.3259, -0.2908,  0.0686,  0.1956, -0.0913],
        [-0.2002,  0.3710,  0.0855, -0.0941, -0.2192, -0.3635,  0.0275],
        [ 0.2905,  0.2615,  0.1759,  0.0322,  0.3300,  0.3578,  0.3491],
        [-0.0038,  0.1368, -0.2257, -0.2085,  0.2333, -0.2475, -0.2662],
        [ 0.0034,  0.3394, -0.1728,  0.0929,  0.3184, -0.2110, -0.3418],
        [ 0.2779, -0.1250, -0.3108, -0.1577,  0.0282, -0.0858, -0.1842],
        [-0.2239,  0.0129,  0.3202, -0.2891,  0.2855, -0.3521,  0.0502],
        [ 0.3104, -0.4157, -0.2111,  0.2019, -0.0716, -0.1130, -0.3602],
        [ 0.4746, -0.2086, -0.0954,  0.1679,  0.1504,  0.2096,  0.1139],
        [ 0.2576,  0.4060,  0.1291, -0.2922,  0.2702,  0.2856, -0.3182],
        [ 0.1144, -0.2830, -0.2095, -0.2062, -0.1565, -0.1727, -0.0562],
        [-0.2329, -0.2183,  0.0381, -0.0469,  0.2283,  0.2076,  0.3531],
        [-0.2162,  0.1096, -0.1356, -0.3047, -0.2992,  0.1903, -0.2961],
        [ 0.3098,  0.2007, -0.0962,  0.2501, -0.3249,  0.1810,  0.0964],
        [ 0.2302,  0.3277, -0.2703,  0.4132, -0.3321, -0.0668,  0.2950],
        [ 0.2035, -0.2107, -0.0317,  0.3562,  0.0100,  0.0797,  0.2285],
        [ 0.1678, -0.0341, -0.0916, -0.3825, -0.0525, -0.1890,  0.2511],
        [-0.2252,  0.3162,  0.2018,  0.2306,  0.2825,  0.0483, -0.0272],
        [ 0.3508, -0.1381, -0.1867, -0.0945,  0.1397,  0.3013, -0.1569],
        [-0.2520,  0.0571,  0.4069, -0.3076, -0.1492,  0.3656, -0.0908],
        [-0.2447, -0.3681, -0.2394, -0.1377, -0.1163, -0.2435, -0.2580],
        [ 0.1008, -0.1214,  0.0029, -0.3593, -0.2458, -0.2469,  0.1443],
        [ 0.2787,  0.2087,  0.4102,  0.2105, -0.2019, -0.0589, -0.3238],
        [-0.3748, -0.3084, -0.0553,  0.2513,  0.1049,  0.0410,  0.1320],
        [-0.0710,  0.4724, -0.0457,  0.3065, -0.3361, -0.2714,  0.1075],
        [ 0.4079,  0.0307,  0.1533,  0.2291, -0.1219,  0.2465,  0.0856]])

Layer: net.0.bias
Shape: torch.Size([64])
Values:
tensor([-0.2481,  0.2045,  0.2578, -0.0543, -0.2728,  0.3366,  0.0457,  0.1546,
        -0.3821,  0.3681,  0.3714,  0.2338, -0.3443, -0.2329, -0.0696, -0.1137,
         0.4124,  0.3163,  0.3378, -0.2830, -0.3175, -0.0657, -0.0836, -0.3821,
        -0.1336,  0.2209, -0.1270,  0.0974,  0.2155, -0.1407, -0.1704,  0.0501,
         0.2677,  0.1573,  0.0569, -0.2081, -0.0563,  0.3479,  0.3332, -0.3008,
         0.1688,  0.3915,  0.1922,  0.0806, -0.3368,  0.1386,  0.2785,  0.1027,
        -0.1598,  0.2629,  0.2785,  0.2387,  0.0170,  0.3757,  0.1743,  0.2961,
        -0.1177,  0.4303, -0.0375,  0.3531, -0.2266, -0.2538, -0.0793,  0.1266])

Layer: net.2.weight
Shape: torch.Size([5, 64])
Values:
tensor([[ 0.0786,  0.1031,  0.1598,  0.0713, -0.0781, -0.0433,  0.0014,  0.0621,
         -0.0161,  0.0741,  0.1611,  0.0555, -0.0013, -0.0051, -0.0268, -0.1095,
          0.0539, -0.0251,  0.0866, -0.0494, -0.1234, -0.0333,  0.0724, -0.1229,
         -0.0152,  0.1051,  0.0766,  0.0697,  0.0250,  0.1001,  0.2165,  0.1062,
          0.0955, -0.0390,  0.1206, -0.1053, -0.0155,  0.1028,  0.1648,  0.0277,
          0.0068,  0.1256,  0.1069,  0.0883, -0.0015, -0.1169,  0.0445,  0.0892,
          0.0610, -0.0327, -0.0549,  0.1087,  0.1088, -0.0095,  0.0058,  0.0606,
          0.0958,  0.0895,  0.0299, -0.0141,  0.0703,  0.0291,  0.1334,  0.1103],
        [ 0.0646,  0.1346,  0.1635,  0.1062,  0.0833, -0.0046,  0.0791,  0.0113,
         -0.0328, -0.0537,  0.0458, -0.0588, -0.0008, -0.0101,  0.0604,  0.1117,
         -0.0405,  0.0502,  0.0721,  0.0092,  0.0353,  0.0425,  0.0528, -0.0253,
          0.1261,  0.0090, -0.0571,  0.0323,  0.0454,  0.1684,  0.0892,  0.0814,
          0.1014,  0.1302,  0.0053,  0.1124,  0.0523,  0.1335,  0.0013,  0.0578,
          0.0374,  0.1603,  0.0461,  0.0532,  0.0812,  0.0529,  0.1522,  0.1155,
         -0.1225,  0.0535,  0.0160,  0.0181,  0.0691,  0.1295, -0.0408,  0.1348,
         -0.0835, -0.0216,  0.1205, -0.0227,  0.0453, -0.1048,  0.1050,  0.0250],
        [-0.1071,  0.1015,  0.0502,  0.1061, -0.0105,  0.0997, -0.0714,  0.0029,
          0.0069, -0.0297,  0.1703, -0.0234, -0.0881,  0.0691, -0.0184,  0.0794,
          0.1041,  0.0574,  0.0764,  0.1081, -0.1097,  0.0593,  0.0948, -0.0210,
         -0.0140,  0.0594, -0.0278, -0.0580,  0.1619,  0.1525, -0.0069, -0.0168,
         -0.0074,  0.1604, -0.0496,  0.0438, -0.0446,  0.0651,  0.0939,  0.0490,
          0.1401,  0.0322,  0.1350,  0.1738,  0.0424,  0.0029,  0.1263, -0.0482,
         -0.0201, -0.0824, -0.1011,  0.0061,  0.0167,  0.1115, -0.0061,  0.0881,
         -0.0545,  0.1483, -0.1248,  0.0341,  0.0729,  0.1082, -0.0823,  0.1527],
        [-0.0833,  0.0923,  0.1518,  0.1108, -0.1078, -0.0446,  0.0430,  0.0043,
         -0.1083,  0.0960,  0.1694, -0.0296, -0.0056,  0.0968,  0.1493, -0.0029,
          0.0774,  0.1229,  0.1235, -0.0430,  0.0934, -0.1039,  0.1224,  0.0363,
          0.0413,  0.0840,  0.0479, -0.0449, -0.0376,  0.0196,  0.1153, -0.0185,
         -0.0246,  0.1125,  0.1153,  0.0080, -0.0098, -0.0299, -0.0590, -0.0145,
          0.1700,  0.2255,  0.0369,  0.0603,  0.0128, -0.0375,  0.0620,  0.1147,
         -0.1171, -0.0150, -0.0631,  0.0543,  0.0202,  0.1426,  0.1353,  0.0706,
          0.1360,  0.1120,  0.1126, -0.1082,  0.0597,  0.0416,  0.1198,  0.0655],
        [ 0.0033, -0.0047, -0.0398,  0.0824,  0.0901, -0.0402,  0.1197,  0.0780,
         -0.0438,  0.1125,  0.0393, -0.1206,  0.0399, -0.0389,  0.1095, -0.0608,
          0.1032, -0.0483,  0.0848, -0.0074, -0.0614,  0.0879, -0.0410,  0.0525,
         -0.0049,  0.0823, -0.0579,  0.0548,  0.0753,  0.0087, -0.1026,  0.0206,
          0.0439, -0.0013, -0.0829, -0.0142,  0.1108, -0.1054, -0.0691,  0.1051,
         -0.0852,  0.0760,  0.0898, -0.1047,  0.0765, -0.0839, -0.0165, -0.1171,
          0.0529,  0.0180, -0.0533,  0.0804, -0.0941, -0.0119,  0.1208,  0.0999,
          0.0551, -0.1044, -0.0604, -0.1035, -0.0170,  0.0609, -0.0700, -0.0398]])

Layer: net.2.bias
Shape: torch.Size([5])
Values:
tensor([ 0.0040,  0.1226,  0.0684, -0.0058,  0.0216])